{
    "rmse": 0.6602298313338857,
    "mae": 0.5355577623467064,
    "r2": 0.2055446306759655
}